50 0.17819680676200372
50 0.17819680676200372
50 0.17819680676200372
60 0.18017866876098904
60 0.18017866876098904
60 0.18017866876098904
70 0.18216053075997432
70 0.18216053075997432
70 0.18216053075997432
80 0.1841423927589596
80 0.1841423927589596
80 0.1841423927589596
90 0.18612601093450856
90 0.18612601093450856
90 0.18612601093450856
100 0.18810961576950558
100 0.18810961576950558
100 0.18810961576950558
110 0.19010411810332722
110 0.19010411810332722
110 0.19010411810332722
120 0.19208635630100132
120 0.19208635630100132
120 0.19208635630100132
130 0.1940682182999866
130 0.1940682182999866
130 0.1940682182999866
140 0.1960500802989719
140 0.1960500802989719
140 0.1960500802989719
150 0.1980319422979572
150 0.1980319422979572
150 0.1980319422979572
160 0.2000138042969425
160 0.2000138042969425
160 0.2000138042969425
170 0.20199566629592777
170 0.20199566629592777
170 0.20199566629592777
180 0.20397752829491306
180 0.20397752829491306
180 0.20397752829491306
190 0.20595939029389834
190 0.20595939029389834
190 0.20595939029389834
200 0.20794219666000288
200 0.20794219666000288
200 0.20794219666000288
210 0.20992405865898817
210 0.20992405865898817
210 0.20992405865898817
220 0.21190592065797345
220 0.21190592065797345
220 0.21190592065797345
230 0.21388778265695874
230 0.21388778265695874
230 0.21388778265695874
240 0.21586964465594402
240 0.21586964465594402
240 0.21586964465594402
